Time	Voltage
1771007747819
1771007747881
1771007747908
1771007747934
1771007747962
1771007747991
1771007748017
1771007748050
1771007748077
1771007748106
1771007748134
1771007748162
1771007748189
1771007748221
1771007748251
1771007748278
1771007748306
1771007748353
1771007748412
1771007748438
1771007748465
1771007748497
1771007748523
1771007748551
1771007748580
1771007748606
1771007748634
1771007748664
1771007748690
1771007748716
1771007748748
1771007748773
1771007748798
1771007748825
1771007748865
1771007748923
1771007748947
1771007748972
1771007749001
1771007749027
1771007749053
1771007749082
1771007749106
1771007749130
1771007749153
1771007749178
1771007749201
1771007749225
1771007749249
1771007749275
1771007749299
1771007749322
1771007749345
1771007749388
1771007749445
1771007749470
1771007749496
1771007749520
1771007749544
1771007749571
1771007749594
1771007749617
1771007749640
1771007749667
1771007749690
1771007749714
1771007749738
1771007749768
1771007749791
1771007749816
1771007749840
1771007749865
1771007749904
1771007749962
1771007749990
1771007750017
1771007750042
1771007750066
1771007750090
1771007750112
1771007750139
1771007750163
1771007750186
1771007750209
1771007750236
1771007750262
1771007750287
1771007750314
1771007750338
1771007750362
1771007750386
1771007750426
1771007750476
1771007750505
1771007750529
1771007750553
1771007750578
1771007750601
1771007750624
1771007750648
1771007750673
1771007750697
1771007750722
1771007750747
1771007750777
1771007750801
1771007750825
1771007750851
1771007750875
1771007750897
1771007750935
1771007750988
1771007751012
1771007751038
1771007751065
1771007751090
1771007751115
1771007751138
1771007751164
1771007751189
1771007751212
1771007751237
1771007751276
1771007751319
1771007751355
1771007751391
1771007751442
1771007751497
1771007751526
1771007751554
1771007751596
1771007751631
1771007751666
1771007751698
1771007751724
1771007751751
1771007751788
1771007751817
1771007751843
1771007751874
1771007751901
1771007751933
1771007751972
1771007752019
1771007752047
1771007752075
1771007752104
1771007752135
1771007752162
1771007752189
1771007752220
1771007752245
1771007752270
1771007752292
1771007752317
1771007752342
1771007752370
1771007752401
1771007752429
1771007752458
1771007752497
1771007752543
1771007752570
1771007752601
1771007752628
1771007752661
1771007752691
1771007752717
1771007752742
1771007752765
1771007752790
1771007752815
1771007752849
1771007752875
1771007752903
1771007752931
1771007752962
1771007752986
1771007753024
1771007753071
1771007753097
1771007753132
1771007753158
1771007753187
1771007753213
1771007753242
1771007753271
1771007753296
1771007753321
1771007753348
1771007753374
1771007753403
1771007753431
1771007753458
1771007753487
1771007753521
1771007753558
1771007753604
1771007753634
1771007753660
1771007753687
1771007753715
1771007753742
1771007753770
1771007753793
1771007753816
1771007753842
1771007753873
1771007753899
1771007753924
1771007753951
1771007753976
1771007754002
1771007754029
1771007754058
1771007754110
1771007754137
1771007754162
1771007754192
1771007754221
1771007754244
1771007754267
1771007754291
1771007754321
1771007754349
1771007754373
1771007754400
1771007754428
1771007754452
1771007754479
1771007754509
1771007754539
1771007754576
1771007754629
1771007754656
1771007754680
1771007754702
1771007754726
1771007754751
1771007754779
1771007754809
1771007754837
1771007754863
1771007754890
1771007754921
1771007754945
1771007754966
1771007754989
1771007755016
1771007755050
1771007755083
1771007755133
1771007755158
1771007755187
1771007755214
1771007755236
1771007755258
1771007755283
1771007755319
1771007755349
1771007755373
1771007755400
1771007755425
1771007755453
1771007755480
1771007755503
1771007755527
1771007755559
1771007755590
1771007755640
1771007755669
1771007755694
1771007755718
1771007755740
1771007755765
1771007755788
1771007755821
1771007755852
1771007755878
1771007755905
1771007755933
1771007755957
1771007755979
1771007756000
1771007756025
1771007756058
1771007756094
1771007756126
1771007756172
1771007756197
1771007756221
1771007756244
1771007756266
1771007756290
1771007756320
1771007756350
1771007756377
1771007756405
1771007756430
1771007756456
1771007756481
1771007756505
1771007756527
1771007756551
1771007756596
1771007756633
1771007756682
1771007756709
1771007756731
1771007756752
1771007756778
1771007756803
1771007756832
1771007756861
1771007756887
1771007756913
1771007756940
1771007756964
1771007756987
1771007757009
1771007757032
1771007757061
